13536
13762
22842
29216
4062
21602
6939
27863
15793
11957
32713
13762
21602
27863
32713
23688
23633
15228
8460
3836
32035
4288
22787
58
27185
13368
27805
19684
2990
1524
7785
4908
23068
26959
11056
4288
3497
6939
4230
23575
28596
21941
9984
2651
16920
20869
29555
26339
22222
10998
9306
791
28990
21602
23914
14721
14608
27130
7727
7107
28144
23181
26113
32713
22729
21095
20034
27130
26226
8179
14101
29329
18444
28144
3555
16413
20643
24760
12635
17653
29216
18499
11111
2483
6035
28596
27072
23633
31189
20034
12409
28370
30682
9025
32148
14214
16920
30062
7107
31021
19684
30401
6374
9984
20756
14495
32093
6261
22787
26113
8799
4230
15454
15793
7785
31021
4062
16639
27130
25438
10152
25325
16865
18612
22842
20643
2483
31528
2709
13649
30343
25380
15793
11563
29442
2596
4230
6035
12070
10378
27298
7953
10491
22787
30062
25438
17598
1750
7220
12635
